480186051
620530287
18033637
16217340
891001
10401302
29962384
77018962
291836604
87361930
207030857
6795782
120262111
19079210
322866905
127590879
62409306
59502007
317314115
16144033
40340735
29927558
574320201
549891514
19301681
122823007
16551656
27070413
24444746
15902801
47668868
472423970
14354772
402813186
369960726
83308655
20936658
85689811
424009383
91645192
81697807
13445692
6321562
14167938
15254464
107234793
16672915
373536563
14166407
39148161
14486697
85054503
134735765
234648488
352052317
14250871
34304382
19786272
7298252
263011040
330497679
24797828
90739902
190915128
325370079
21551747
92839676
46957751
104247603
31455435
15170234
15323504
80838724
20600120
14148963
15192631
100178722
5943162
137516812
3392411
218698492
44783790
196478542
190723470
216987668
212089493
77771388
190460811
10859942
59521575
155808315
1248421
93204137
14775357
12887942
75323662
777925
14705616
60682193
20495814
15160966
14339319
39647751
57252765
14079576
25039266
601674522,19898277
27629038,261483556
395082175,207128214,271220773,14415237,111376868,612670895,31191129
76980293,393224517
899701
25216995
254671341,17852401,23720707
307489834,44322763,14052191,71519066
36519354
277378817
35790940
14532746
606727563
41516822
44313,41137469,15041386
18169286,115762349,14121072
44130013,29837363,820702,9323762,16257372
57110581,334271162,441169801
51055224,28934682
75643604
213574036,12913902,233997051,244234220,535135457,112648339,5770922
619791171,431072535,34520856,15487283,386790740,592429104,405180673,129491236,258688009,149019670,123419337,151960313
47479824,106237942,26179955,341094074,52276894,133168997,304255375
19853,165007196,8938272
514497772,17407663,626155328,68922990,14268267
501266169,36552249
41329897
17691696
10822612
32344261
79917460,389939137,16747676,85875746,413528359,7776812,226719544,5510452,44662330
15518560,18756497,12967532,20454965,29127028,965101
227829464,23098757,24385224,28375773,126367986
243007136,25830913,32311382,37651954,22060291,20686917,341282983,14799978,14782518,25859258,199134720,21129818,21672060
20748072
108725893,19423126,122729282,28638677,19318229,29395505,31898295,19766751,14237553,84510198,29932813,202233346,17302611
163792579
243807870
62871374
20611022
255109294
232993129
63348104,1249881,154974289,15319501,20167374,221934693,22924810,21210666,57669443,1970611,14619572,27961182,14842416,278166072,15694163,277340370,20270911,116899859,260369221,6385432
155741485,40813757,209721412,9689942
180516795,15458605,296338174,463235074,15006212,14116003,51235250,549735522,36923331,42378194,29757818,48142786,15004833,13438472,21495337,36092629,25508379,96406158,209882412,13482482
17724721,73288554,8254262,102196606
738753,59287051,854841,14192329,14631250
237972043,9422232,285891985,174414801,8525682
205036273,45307655,24636302,366175068,214381876,19080735,221646066,19169495,50909409,25239676,20028099,383408949,262342341,385558793,17237756
14858263
711775927
73210577
27584159,23119507,82950193,11856072,32305906,38422658,16896060,630711289,14241886,18525171
14124673,4248211,14630585,203158279,27261369,14665369,53530962
39934671,20193866,189395941,271537503,20531263,15476258,14914425,45857516,272613456,23263152,152415240,15008476,225850798,22705342
15458533,162206959,8435702,22367858,380315147,721163,264420751
15765446,20,289171221,198991938,14248594,214386899,14261044,54653517
11614682,73061892,13839772,17392577,74832365
71175464,115913533,14871438,441466898,28607199,15421071
281561406
584263864
550819499
27558636,472335798,45322677,493618761,64472380,147585872,87954792,13746302,44343427,308459052,15863999,348942463,768534673,410908192,462021220,385021638,229052187,869476237,98214801,21577596,220633000,216843116,36986697
544675593,20531319,44413708,40068850,266927095,325640590,238930175,231225852,85993428,53535517,27148700,60069190,114971521
9946842,197866162,21122578,1396671,2065001
38788812,2363571,14129316,22824309,14085740,2139211
50214907,85695904,15295664,125251831,22512882,185497241,38708342,35366517,164856868,29579390,11739102,166912586,136773183
328062915,20040971,1209971,14980240,15033360,14421572
23682051,219531463,23538549,261747581,18768473,6837342,104870303,121811599,142616735,14481183,325110370,43356669,279107866,360878781,20439958,22808981,250700254,14066247,3446291,555487678,234445543,28506038,63315859,21668776,6331462
633054027,59003,19150955,94143715,5259111,35580566,87789619,18903740
4220521,10782942,101935227
1110991,13925632,10429942,3913671,642
21808332,157804752
40151220,13039722
26762033,33346676,11813582,26715252,191264494,251247618,99023044
13598072,14877873,734903,18884627
147153523,7342422,6535212,15187837,13257392,20928941
28528193,12623772,4930131,90800956,198684338
21747265,421683,795244,15007480,8345722,819076,308025755,24730013,386132991,5209921
290687495
120289624
76611461,48607724,16739704,14593259,17076780,26684668,748353,235855436,16470662,7305682
18271367,11974732,14504451,16216676
18205202,1747381,93954161
325786937,14301045
17505251
217319905
38235885
213830272,11407672,428592075,15377385,20283354,267414402,6086332,783214,7727382,349821958,574730214,237405812,78390026,17812151,67653490,403233979,8815922,134654401,462591939,144714008,323285037,426335572
86398265,281873034,16939148
126253754,399202785,102612539,48929657,164003532
62689812,7640302
12453652
6442542
251793993,60275397,22485542,10345632,43863271,145480498,12,254290476,66038869,232850782
24477185,58502284,14508003,317020994,10273252
395802349,222366064,14159823,106291597
402292176,53193035,134901077
35147037,41986058,22807096,44573,12428572,791857,512562844,265599359,15374401,290587161,260959249,200280629,311852751,5239271,15594382,4212771,11752332,154164675,4999921
27731964,10998512,40278705,46440718
295925467,14717846,88892707,347555214,318046158,16281124
16571907
25668422,95432365
243013128
277313471,6149072,292040197,181851585,14715999,541,18997982,13313982,14438816,26441126,137965590,116299414,16881995,116111899,3796
22372860,819797,15419629,302173,255806903,143193892,240890016,17482598,18611950,133583134,14705530,259446460,88717547
23112501,37748130,29018269,217681502,254789383,31190131
9019482,19078947,377170853,611763
32197613
380476611,16064749,55259493,14602130,15574391,14987054,7320972,23978537,65845659,43220757
228967223,17112843,77703352,14288134,31590281
24841425,16956007,764592488,101424163
55827716,77433468,33788564,13643152,21853751,4149861,787293,50653645
43936312,445746002,16088304,34069905,7378572
22214348,53205685,964941,8670842,67141936,34208741
33655181,24112123,41298335
9169072,21598933,6192062,14366953
20565541
39866023
89265461
25171490,37390708,19433611,160301248,15420902,20162732,171816811,19563477,224049512,23723768,52501361,252001182,18063608
14653230
8148612,20799885,6558032,15067515,733383,14847785,25866943,18060645
97566657,4412471,224375617,5278491,15671372,502453394,6571622,9615222,14934401,9418112,23239291,14995222,14110325,49188317,34956740,488943215,345857577,14260089
461098685
21172954,18394050,5695062,17450453,398235109,525799196,852202736,36404067,19004684,82946620,16515603,300558753,245187760,18703111,53127926
63538712,351295480
4533541,15211564,266782432,1692881
35004123
30873
260050510,8008572,15884541,6604912,14102428,12720772,18784415,20418287,118634348,141028553,14708073,1584511,6814192,68003,19315899,29906864,14061523,718123,15075035,51573,266185341,949521,14093457,490032614,15603374
5878892,56244113,2722521,13061762,15214830,16223735,18040828
6253282,38895958,14927800,2185,795649,9317922,26123649,27674040,18707866,15526110,14782737,7698,9987762,89007025,821958,657693,7694352,1401881,29104777,14253109,32204990,4265731,7298282,14216557,98988660,14063828,52109767,8491,3452911
17261844,699463,728845867,10478352,2544901,1228181,23468302,18337283,75253397,7665012,9644462,283133704,15111848,6579422,14724015,14346209,15105000,1530531,74523,104071721,41763803,19317103,4612141,14616067,22273667
18353903,15504330
27478304,143872633,37763,12555,760892,15054037,77200041,46338147
16171223
1257661
59374434
266425968,17736965,14609434,93731096,12249,14180531,19872718,668473,13980622,17400516,15335058,13166,7852612,22915745,389153,14192671,125061482,561528955,140108433
15062340
14558848,179305666,20012343,115734106,93547212,9361262,8285392,12279882,74534435,2913411,57963332,4711,454423650,22888677,23274859,145727626,8778172,18599835,387779680,100347950,22548447,111417386,14656296
5517522,84516176
24486553
48859961,21926959,569681063,183107774,17396121,73042642,14984928,22891211,14695938,15349546
14735580,247474686,61019901,192030686,14143983
205475711
14860415,69745037,792690,3191321,48922839,4524811,3732061,748615879,16018433,8215402,9213492,376066248,14161459,133031077,14895163,78154150,14062177,15266205,750,7588892,13462502,16116572,55732226,26233,1583331,631823,15310552,4366051,17888675,8898642,15786115,53452791,9267272,23393262,282705587,15535136,20189847,786983,14824759,16109631
587700316
635678109
29567475
28107993
874489302
105174527
1193421
80515781
21611335
544914838
578173726
33409762
95739692
52558708
233950108
793146086
108160821
14874167
708618804
37447776
23000562
65349904
14508031
18187054
50552077
715148592
87347295
269919277
620405040
502108908
78686298
104011187
513305154
404399750
7894652
15681468
544230029
128473941